"time"	"x1"	"x2"	"x3"	"x4"	"x5"	"x6"
"1"	0	516	1	0	0	0	0
"2"	1	515.94858807096	0.947726383177235	0.0503491386754547	0.00191189933450479	2.04180063397726e-06	1.05370121715695e-05
"3"	2	515.902361373028	0.899031383773831	0.0936575062822194	0.00721426290289199	1.57202712916946e-05	8.11267697661051e-05
"4"	3	515.860885689185	0.853644273509815	0.130722924836053	0.0153194706685319	5.08600783662649e-05	0.000262470907234659
"5"	4	515.823761962344	0.8113158864092	0.162260043863201	0.0257122489093752	0.000115543193176922	0.000596277625046912
"6"	5	515.790624212838	0.771817321152123	0.188906848885786	0.0379433453172433	0.000216289727391024	0.0011161949174564
"7"	6	515.761135879157	0.73493767647582	0.211234672471894	0.0516202571127261	0.00035830554241531	0.00184908839714514
"8"	7	515.734987647435	0.700482707923782	0.229754265589319	0.0664015566115866	0.000545635858376237	0.00281583401693626
"9"	8	515.711895435636	0.668273582017599	0.244921406862655	0.081991657538544	0.000781306514818335	0.0040320470663832
"10"	9	515.691598115676	0.638145472114374	0.257143043463393	0.0981351541943162	0.00106747396882186	0.00550885625909489
"11"	10	515.67385566829	0.609946423781587	0.266782178378638	0.114612345668648	0.00140554267608267	0.00725350949504525
"12"	11	515.658447547994	0.583536351415699	0.274162128682624	0.131235361576585	0.00179626562801719	0.00926989269707508
"13"	12	515.645171023296	0.558786020554759	0.279570815303848	0.147844271049897	0.00223984481667275	0.0115590482748231
"14"	13	515.633839731511	0.535576164078931	0.283264407581451	0.164303809814748	0.00273601436973301	0.0141196041551366
"15"	14	515.624282358606	0.513796676356769	0.28547059298809	0.180500466103673	0.00328411363032342	0.0169481509211446
"16"	15	515.616341420912	0.493345870736182	0.286391545336463	0.196339854101525	0.00388315222429484	0.0200395776015357
"17"	16	515.609872150065	0.474129801192118	0.286206587489054	0.211744378718782	0.0045318670135385	0.0233873655865078
"18"	17	515.604741469888	0.456061640939963	0.285074587828612	0.226651152451011	0.00522877209993248	0.0269838466804812
"19"	18	515.600827057868	0.439061113348494	0.283136114776097	0.241010140408393	0.0059722025771717	0.0308204288898453
"20"	19	515.598016484022	0.423053970605138	0.280515373013228	0.254782510227475	0.00676035270864678	0.034887793445512
"21"	20	515.596206419409	0.40797151525341	0.277321946275061	0.267939162564146	0.00759130923190469	0.0391760666754787
"22"	21	515.595301913064	0.393750163770125	0.273652352850476	0.280459435527792	0.00846308000631067	0.0436749678452962
"23"	22	515.595215724147	0.380331043970095	0.2695914529105	0.29232994574867	0.00937361904282514	0.0483739383279104
"24"	23	515.595867708356	0.367659625606317	0.26521371211357	0.303543561314924	0.0103208480695187	0.0532622528956711
"25"	24	515.597184255892	0.355685382450012	0.260584330328394	0.314098497906187	0.0113026748841095	0.0583291144312973
"26"	25	515.599097774678	0.344361481930568	0.255760254876131	0.323997519361878	0.012317009025951	0.0635637348054731
"27"	26	515.601546214635	0.333644499719934	0.250791090738919	0.333247230817261	0.0133617750978484	0.0689554036260383
"28"	27	515.604472630249	0.32349415755152	0.245719916167158	0.341857456263236	0.01443492396846	0.0744935460496273
"29"	28	515.607824778204	0.313873082261001	0.240584013396418	0.349840691225853	0.0155344421159202	0.080167771000808
"30"	29	515.611554747137	0.304746584233363	0.235415523077258	0.357211622378692	0.0166583593398163	0.0859679109708704
"31"	30	515.615618616863	0.296082453621736	0.230242030089808	0.363986706814083	0.0178047550422428	0.091884054432131
"32"	31	515.619976144654	0.287850772839643	0.225087087699255	0.370183804406113	0.0189717632579962	0.0979065717969936
"33"	32	515.624590476343	0.280023743968398	0.219970686269233	0.375821857428977	0.0201575765926145	0.104026135740777
"34"	33	515.629427880237	0.272575529835951	0.214909672157323	0.380920612176433	0.0213604492100823	0.110233736620211
"35"	34	515.634457501981	0.265482107630357	0.209918121875618	0.385500377855828	0.0225786989968787	0.116520693641319
"36"	35	515.639651138849	0.258721134121175	0.20500767563174	0.389581818940723	0.0238107090041901	0.122878662302172
"37"	36	515.644983031129	0.252271821070241	0.20018783613037	0.393185775691398	0.0250549283028847	0.129299638805107
"38"	37	515.650429670411	0.246114820707377	0.19546623359488	0.396333111796925	0.0263098722855218	0.135775961615296
"39"	38	515.655969622797	0.240232120072851	0.190848861840423	0.399044584847736	0.0275741225221946	0.142300310716796
"40"	39	515.661583365617	0.234606943374219	0.186340288883303	0.401340736523203	0.0288463262486026	0.148865704970673
"41"	40	515.667253136902	0.229223661900538	0.181943843981228	0.403241800789604	0.0301251955297069	0.155465497798924
"42"	41	515.672962796531	0.224067710848278	0.177661783708904	0.404767627794937	0.0314095061565466	0.162093371491335
"43"	42	515.678697698126	0.219125512491085	0.173495439299071	0.40593762150526	0.032698096323791	0.168743330380793
"44"	43	515.684444570832	0.214384405187872	0.169445347196234	0.406770689391762	0.033989865128453	0.17540969309568
"45"	44	515.690191410211	0.209832577761832	0.165511364597764	0.407285202639089	0.0352837709258344	0.182087084075481
"46"	45	515.695927377536	0.205459008823806	0.161692771568029	0.407498965523652	0.036578829573898	0.188770424510615
"47"	46	515.701642706822	0.201253410648619	0.157988361152135	0.407429192759192	0.0378741125932589	0.195454922846796
"48"	47	515.707328619	0.197206177245404	0.154396518771393	0.407092493741061	0.0391687452663981	0.202136064975744
"49"	48	515.712977242663	0.193308336292617	0.15091529205164	0.406504862741787	0.040461904696487	0.208809604217469
"50"	49	515.718581540896	0.189551504635537	0.147542452118042	0.405681674218326	0.0417528178433798	0.215471551184717
"51"	50	515.724135243696	0.185927847068832	0.144275547284029	0.404637682488093	0.043040759551818	0.222118163607229
"52"	51	515.729632785567	0.182430038149235	0.141111949966866	0.403387025117315	0.0443250505846582	0.228745936181926
"53"	52	515.735069247659	0.179051226660765	0.138048897690712	0.401943229535833	0.0456050556615372	0.235351590451155
"54"	53	515.740440304441	0.17578500274957	0.135083528768138	0.400319222077401	0.0468801815342914	0.2419320648706
"55"	54	515.745742176182	0.172625368499859	0.132212911850521	0.398527339195801	0.0481498751458471	0.248484505307972
"56"	55	515.750971581696	0.169566708577537	0.129434073886558	0.396579340639971	0.0494136217185227	0.255006255177411
"57"	56	515.756125696722	0.166603764225072	0.126744022657585	0.394486424032019	0.050670942950941	0.261494846134384
"58"	57	515.761202115447	0.163731609100574	0.124139766060065	0.392259240565239	0.0519213952617866	0.267947989012335
"59"	58	515.76619881474	0.160945626701889	0.121618328715245	0.389907911503275	0.0531645680800979	0.274363564999494
"60"	59	515.771114121136	0.15824148940439	0.119176765958586	0.38744204536323	0.0544000821879182	0.280739617085877
"61"	60	515.775946680356	0.155615138986549	0.116812175554972	0.384870755544094	0.0556275881183212	0.287074341796064
"62"	61	515.780695429166	0.153062768532232	0.114521707415244	0.382202678228696	0.0568467646099923	0.293366081213837
"63"	62	515.785359569397	0.15058080560838	0.112302571555516	0.379445990415522	0.0580573171189383	0.299613315301644
"64"	63	515.789938543981	0.148165896623719	0.110152044518117	0.376608427954558	0.0592589763875545	0.305814654516053
"65"	64	515.794432014826	0.145814892281631	0.108067474448152	0.37369730348096	0.0604514970708853	0.311968832718372
"66"	65	515.798839842415	0.143524834047041	0.106046284998381	0.370719524156976	0.0616346564196081	0.318074700377995
"67"	66	515.803162066983	0.141292941553326	0.10408597821592	0.367681609147065	0.0628082530190067	0.324131218064683
"68"	67	515.807398891168	0.139116600880917	0.102184136547122	0.364589706764068	0.0639721055829858	0.330137450224908
"69"	68	515.811550664016	0.136993353644474	0.100338424081581	0.361449611235557	0.0651260518019964	0.336092559236391
"70"	69	515.815617866238	0.134920886830328	0.0985465871424457	0.358266779049335	0.0662699472435964	0.341995799734296
"71"	70	515.81960109664	0.132897023330255	0.0968064543178818	0.355046344845743	0.0674036643042572	0.347846513201864
"72"	71	515.823501059617	0.130919713121806	0.0951159360175365	0.35179313683183	0.0685270912109374	0.353644122817891
"73"	72	515.827318553937	0.128987025253515	0.0934730236570873	0.348511691317595	0.0696401310948795	0.359388128676924
"74"	73	515.831054461368	0.127097139623437	0.091875788421249	0.345206268139714	0.0707427010233253	0.365078102792275
"75"	74	515.834709737449	0.125248340187839	0.0903223798165145	0.3418808639459	0.0718347311804777	0.370713684869269
"76"	75	515.838285402855	0.123439008515163	0.0888110239950456	0.338539225189646	0.0729161640765799	0.376294578223566
"77"	76	515.841782534821	0.121667617323953	0.0873400219083871	0.335184861366544	0.0739869537480039	0.381820545653113
"78"	77	515.845202259635	0.119932724700491	0.0859077472698956	0.331821057349395	0.0750470650243462	0.387291405655873
"79"	78	515.848545745726	0.118232968687136	0.0845126444084243	0.328450885235012	0.0760964728322617	0.392707028837166
"80"	79	515.851814197325	0.11656706222459	0.0831532260668943	0.325077215662373	0.077135161536607	0.398067334509537
"81"	80	515.855008848855	0.114933788590344	0.0818280711860213	0.32170272831107	0.0781631243365052	0.403372287576061
"82"	81	515.858130959412	0.113331996825483	0.0805358225406031	0.318329922603754	0.0791803626541228	0.408621895376037
"83"	82	515.861181807954	0.111760597650974	0.079275184422284	0.314961127521409	0.0801868855804544	0.413816204824879
"84"	83	515.864162688911	0.110218559649457	0.0780449203205335	0.311598510970032	0.0811827093511149	0.418955299708863
"85"	84	515.867074908156	0.108704905676883	0.0768438506143948	0.308244088742545	0.0821678568487797	0.424039298117398
"86"	85	515.86991977933	0.107218709509575	0.0756708502853656	0.304899733053377	0.0831423571333434	0.429068350018339
"87"	86	515.872698620513	0.105759092710308	0.0745248466639087	0.30156718065739	0.0841062449985387	0.434042634969856
"88"	87	515.875412751199	0.10432522169854	0.0734048172176746	0.298248040567885	0.0850595605537225	0.438962359962178
"89"	88	515.878063489619	0.102916305079389	0.0723097874435552	0.294943801203757	0.0860023488394727	0.443827757433826
"90"	89	515.880652150081	0.101531590895251	0.0712388286102086	0.291655837849951	0.0869346594291546	0.448639083215436
"91"	90	515.883180040856	0.100170364346429	0.0701910557921393	0.288385418956656	0.0878565460955302	0.453396614809246
"92"	91	515.885648462243	0.0988319456211381	0.0691656259318241	0.285133712214819	0.0887680664913701	0.458100649740849
"93"	92	515.888058704679	0.0975156877163052	0.0681617358575001	0.281901790698183	0.0896692818279555	0.462751503900057
"94"	93	515.890412047131	0.0962209744792508	0.0671786204177625	0.278690638481955	0.0905602565837222	0.467349510037309
"95"	94	515.892709755671	0.0949472187773753	0.0662155506874475	0.275501155951997	0.0914410582307891	0.471895016352392
"96"	95	515.894953082201	0.0936938607778029	0.0652718322366904	0.272334164845177	0.0923117569770217	0.476388385163309
"97"	96	515.897143263328	0.0924603663372504	0.064346803465006	0.269190413018332	0.0931724255237024	0.480829991655709
"98"	97	515.899281519376	0.0912462254938552	0.0634398340016008	0.266070578958357	0.0940231388379194	0.485220222708268
"99"	98	515.901369053526	0.0900509510545986	0.0625503231709329	0.262975276045553	0.0948639739388989	0.489559475790017
"100"	99	515.903407051067	0.0888740772720547	0.0616776985225338	0.259905056582216	0.0956950096975133	0.493848157925683
"101"	100	515.905396678759	0.0877151586045743	0.0608214144239625	0.256860415597968	0.0965163266482379	0.498086684725258
"102"	101	515.90733908429	0.0865737685544654	0.0599809507154817	0.253841794442947	0.0973280068128632	0.502275479474243
"103"	102	515.90923539582	0.0854494985790785	0.059155811424931	0.250849584179518	0.0981301335353061	0.506414972281167
"104"	103	515.911086721615	0.0843419570700557	0.0583455235411467	0.247884128782743	0.0989227913268954	0.51050559927916
"105"	104	515.912894149746	0.0832507683963168	0.0575496358441861	0.24494572815943	0.0997060657215404	0.514547801878527
"106"	105	515.914658747864	0.0821755720066552	0.0567677177905446	0.242034640995153	0.10048004314022	0.518542026067428
"107"	106	515.91638156303	0.0811160215880875	0.0559993584515106	0.239151087438241	0.101244810764259	0.522488721757903
"108"	107	515.91806362161	0.0800717842763631	0.0552441655027709	0.23629525162932	0.102000456416893	0.526388342174654
"109"	108	515.919705929212	0.0790425399152734	0.0545017642633671	0.233467284084618	0.10274706845263	0.530241343284112
"110"	109	515.921309470679	0.0780279803616272	0.0537717967821027	0.230667303940842	0.103484735653979	0.534048183261449
"111"	110	515.922875210121	0.0770278088329624	0.0530539209695105	0.227895401069099	0.10421354713509	0.537809321993339
"112"	111	515.924404090979	0.0760417392952607	0.0523478097735106	0.225151638064941	0.104933592251928	0.541525220614361
"113"	112	515.925897036136	0.0750694958881092	0.051653150396917	0.222436052121313	0.105644960518574	0.545196341075088
"114"	113	515.927354948046	0.0741108123849216	0.0509696435549847	0.219748656790808	0.106347741529311	0.548823145739975
"115"	114	515.928778708902	0.0731654316859887	0.0502970027712294	0.217089443643349	0.107042024886135	0.552406097013298
"116"	115	515.930169180823	0.0722331053422725	0.0496349537097947	0.214458383825086	0.107727900131388	0.555945656991459
"117"	116	515.931527206062	0.0713135931079946	0.0489832335426925	0.211855429524035	0.108405456685184	0.559442287140095
"118"	117	515.93285360724	0.0704066625201954	0.0483415903502838	0.209280515347657	0.10907478378736	0.562896447994504
"119"	118	515.93414918759	0.0695120885018458	0.0477097825508821	0.206733559622963	0.109735970443457	0.566308598880853
"120"	119	515.935414731224	0.0686296529899185	0.0470875783625791	0.204214465614025	0.110389105374816	0.569679197658662
"121"	120	515.936651003402	0.0677591445971363	0.0464747553100146	0.201723122627909	0.111034276974034	0.573008700490907
"122"	121	515.937858750823	0.0669003582710223	0.0458710997249451	0.199259407127758	0.111671573260693	0.576297561615582
"123"	122	515.939038701924	0.066053094986807	0.0452764062930962	0.196823183733101	0.112301081842398	0.579546233144599
"124"	123	515.940191567187	0.0652171614582384	0.0446904776251206	0.194414306159415	0.112922889878845	0.582755164878381
"125"	124	515.941318039447	0.0643923698639417	0.0441131238487915	0.192032618104353	0.113537084048587	0.585924804134327
"126"	125	515.942418794215	0.0635785375898357	0.0435441622232973	0.189677954078976	0.114143750518519	0.589055595589372
"127"	126	515.943494489998	0.0627754869866011	0.0429834167745464	0.187350140187165	0.114742974915937	0.592147981135751
"128"	127	515.944545768624	0.0619830451412645	0.0424307179503897	0.185048994856223	0.115334842302983	0.595202399749141
"129"	128	515.945573255575	0.0612010436620253	0.0418859022947166	0.182774329521503	0.115919437153342	0.598219287368414
"130"	129	515.946577560315	0.0604293184755043	0.0413488121394285	0.180525949267764	0.116496843331051	0.601199076786253
"131"	130	515.94755927662	0.0596677096356449	0.0408192953133373	0.178303653429785	0.117067144071276	0.604142197549957
"132"	131	515.948518982909	0.058916061143548	0.0402972048670855	0.176107236154651	0.117630421962936	0.607049075871781
"133"	132	515.949457242577	0.0581742207775652	0.0397823988132244	0.173936486927953	0.11818675893306	0.609920134548198
"134"	133	515.950374604322	0.0574420399330206	0.0392747398806318	0.171791191066072	0.118736236232762	0.612755792887514
"135"	134	515.951271602474	0.0567193734709681	0.0387740952824892	0.169671130176522	0.119278934424725	0.615556466645297
"136"	135	515.952148757317	0.0560060795754312	0.0382803364970788	0.167576082588287	0.119814933372105	0.618322567967098
"137"	136	515.953006575415	0.0553020196186056	0.0377933390606974	0.165505823753927	0.120344312228758	0.621054505338012
"138"	137	515.953845549932	0.0546070580332009	0.0373129823715959	0.163460126625397	0.120867149430777	0.62375268353903
"139"	138	515.954666160652	0.0539210622568495	0.0368391495849559	0.161438761965934	0.121383522671942	0.626417503520319
"140"	139	515.955468874966	0.0532439024683369	0.036371727251852	0.159441498777557	0.121893508935747	0.629049362566508
"141"	140	515.956254147912	0.0525754515418254	0.0359106052320801	0.15746810455662	0.122397184475497	0.631648654193978
"142"	141	515.957022422186	0.0519155850105701	0.035455676620173	0.155518345529622	0.122894624793929	0.634215768045706
"143"	142	515.9577741286	0.0512641809341648	0.0350068375516232	0.153591986952351	0.123385904647661	0.6367510899142
"144"	143	515.958509686396	0.0506211198022701	0.0345639870573452	0.151688793359718	0.123871098045888	0.639255001734779
"145"	144	515.959229503539	0.0499862844485528	0.0341270269325227	0.149808528794629	0.124350278248487	0.641727881575808
"146"	145	515.959933977	0.0493595599689466	0.0336958616123602	0.147950957021503	0.124823517764799	0.644170103632391
"147"	146	515.96062349304	0.0487408336441856	0.0332703980546657	0.146115841724641	0.125290888353059	0.646582038223448
"148"	147	515.961298427477	0.0481299948663493	0.0328505456288706	0.144302946692409	0.125752461020442	0.64896405179193
"149"	148	515.961959145966	0.0475269350691783	0.0324362160111178	0.142512035988094	0.126208306023662	0.651316506907948
"150"	149	515.962606004255	0.0469315476619348	0.0320273230850731	0.140742874108286	0.126658492870111	0.653639762274595
"151"	150	515.963239348447	0.0463437279665993	0.0316237828481346	0.138995226129524	0.127103090319463	0.65593417273628
